0.0000 
0.0001 
0.0001 
0.0002 
0.0004 
0.0006 
0.0012 
0.0022 
0.0040 
0.0073 
0.0116 
0.0168 
0.0230 
0.0298 
0.0380 
0.0480 
0.0600 
0.0739 
0.0910 
0.1126 
0.1390 
0.1693 
0.2080 
0.2586 
0.3230 
0.4073 
0.5030 
0.6082 
0.7100 
0.7932 
0.8620 
0.9149 
0.9540 
0.9803 
0.9950 
1.0000 
0.9950 
0.9786 
0.9520 
0.9154 
0.8700 
0.8163 
0.7570 
0.6949 
0.6310 
0.5668 
0.5030 
0.4412 
0.3810 
0.3210 
0.2650 
0.2170 
0.1750 
0.1382 
0.1070 
0.0816 
0.0610 
0.0446 
0.0320 
0.0232 
0.0170 
0.0119 
0.0082 
0.0057 
0.0041 
0.0029 
0.0021 
0.0015 
0.0010 
0.0007 
0.0005 
0.0004 
0.0002 
0.0002 
0.0001 
0.0001 
0.0001 
0.0000 
0.0000 
0.0000 
0.0000 
